0000000000000000000001000000000000
0000000111111110000001000000000000
0000000100000010000001000000000000
0000000100000010000001000000000000
0000000100000010010001000000000000
0000000100000010010001000000000000
0000000100001110011111000000000000
0000000100000000000000000000000000
0000000100000000000000000000000000
0000000100000000000000000000000000
0000000100000000011111100000000000
0000000100000000010000100000000000
0000000100000000010000100000000000
0000000100000000010000000000000000
0000000100000110010000000000000000
0000000111111100010000000000000000
0000000000000000010000000000000000