110000000000000000000000000000000
000000111111100000111111111000000
100111100000001100000000000000000
100010010000000001111000000000000
100011000000011100000000000000000
100010000000010000000001111110000
110011111000011100000001111110000
000010001101000000000000011100000
000000100001000011000000001100000
000000111111100001100000000000000
100111100000000011111000000000000
100010010000000001100000000000000
100011000000011100000001100000000
100010000000010000000001100000000
110011111000011100000001100000000
000010001101000000000001100000000
000000100001000000000001100000000